29704.5
29696.5
29741.5
29729.5
29719
29668
29668
29673.5
29674.5
29660.5
29672.5
29672.5
29687
29685
29681.5
29681.5
29665.5
29665.5
29674.5
29676.5
29671.5
29684
29684
29657.5
29627
29610
29610
29595.5
29613.5
29613.5
29613
29555.5
29555.5
29561.5
29555
29537
29559
29529
29549.5
29549.5
29561
29577
29590
29592
29601.5
29621.5
29605
29605
29607
29592.5
29611.5
29619
29649.5
29667.5
29686
29697
29698.5
29711.5
29712
29719.5
29707
29713.5
29692
29712.5
29798.5
29791
29791
29796.5
29815
29806.5
29806.5
29816
29830.5
29851
29852
29825
29825
29785
29775.5
29780
29782.5
29796
29796
29794
29784
29849
29786
29738.5
29751.5
29830.5
29826.5
29826.5
29828
29862.5
29862.5
29865.5
29826.5
29797.5
29797.5
29749
29718
29707
29711.5
29711.5
29716
29682
29682
29632
29632
29630.5
29623
29634
29652
29622.5
29627.5
29627.5
29623.5
29624
29602.5
29584
29584
29591
29620.5
29607
29607
29613.5
29630.5
29651
29651
29676.5
29726
29726
29678
29650.5
29633.5
29608.5
29581.5
29533
29572
29572
29602.5
29620
29620
29630.5
29651
29651
29671
29702.5
29737.5
29737.5
29737
29727.5
29730.5
29718
29718
29722.5
29722.5
29741.5
29730.5
29705
29710
29711.5
29710.5
29710.5
29729.5
29772
29789
29782.5
29795.5
29804.5
29799.5
29796
29798.5
29798.5
29807.5
29813.5
29813.5
29813
29824.5
29785
29785
29749.5
29765.5
29758.5
29766.5
29742
29742
29749
29759
29779
29799
29799
29792
29814
29833.5
29830
29836
29870.5
29870.5
29867.5
29860.5
29845.5
29849
29868.5
29861.5
29843
29838.5
29829.5
29832
29832
29829.5
29819
29809
29804
29804
29814.5
29808
29830.5
29830.5
29828.5
29885
29885
29871.5
29868.5
29896.5
29874.5
29854.5
29854.5
29840.5
29847
29847
29856
29876
29869.5
29869.5
29869.5
29874.5
29895
29902
29867
29872.5
29861
29861
29859.5
29858
29870
29875.5
29889.5
29880.5
29876
29862.5
29865
29886.5
29923.5
29923.5
29922.5
29919
29934
29959.5
29970
29967
29981.5
30305
30437
30445
30438.5
30450.5
30445.5
30413.5
30466
30528.5
30577
30748
30665
30668.5
30668.5
30648.5
30618
30607
30636.5
30606
30610.5
30631
30659
30659
30701.5
30738.5
30694
30687.5
30696
30696
30692.5
30673
30713
30659.5
30642.5
30642.5
30654
30644.5
30611.5
30641.5
30638
30610
30594.5
30596
30596
30587
30619
30628.5
30637.5
30641.5
30644
30644
30662
30707.5
30707.5
30689
30695.5
30695.5
30699
30706
30771.5
30813
30763
30756
30728
30717
30730
30739
30732
30732
30720.5
30712
30690
30687.5
30700
30719
30696
30696
30688
30679
30694
30706.5
30750
30767.5
30778
30783.5
30771
30771
30799
30774
30755
30752
30752
30765
30789
30805.5
